           1           0           2
           2           1          23
           3           0           4
           4           3          81
           5           0           0
           6           0           0
           7           0           0
           8           0          24
           9           0         111
          10           0           0
          11           0           0
          12           0          30
          13           0          17
          14           0           0
          15           0           0
          16           0           0
          17          13          34
          18           0           0
          19           0          20
          20          19          38
          21           0           0
          22           0           0
          23           2         121
          24           8          26
          25           0           0
          26          24          27
          27          26         125
          28           0           0
          29           0          31
          30          12          33
          31          29          32
          32          31         492
          33          30         149
          34          17          36
          35           0           0
          36          34         135
          37           0           0
          38          20          39
          39          38         140
          40           0           0
          41           0          42
          42          41          43
          43          42          44
          44          43          64
          45           0           0
          46           0          47
          47          46          68
          48           0           0
          49           0          50
          50          49          69
          51           0           0
          52           0           0
          53           0           0
          54           0          55
          55          54          57
          56           0          75
          57          55          76
          58           0           0
          59           0          60
          60          59          78
          61           0         521
          62           0           0
          63           0           0
          64          44         162
          65           0           0
          66           0           0
          67           0           0
          68          47         168
          69          50          71
          70           0           0
          71          69         170
          72           0           0
          73           0           0
          74           0           0
          75          56         536
          76          57          94
          77           0           0
          78          60          79
          79          78         179
          80           0           0
          81           4          82
          82          81         101
          83           0           0
          84           0           0
          85           0          86
          86          85          87
          87          86         105
          88           0           0
          89           0          90
          90          89         110
          91           0         531
          92           0           0
          93           0           0
          94          76         174
          95           0         113
          96           0           0
          97           0           0
          98           0           0
          99           0         100
         100          99         120
         101          82         103
         102           0           0
         103         101         202
         104           0           0
         105          87         107
         106           0           0
         107         105         108
         108         107         128
         109           0           0
         110          90         131
         111           9         112
         112         111         490
         113          95         134
         114           0           0
         115           0           0
         116           0         496
         117           0           0
         118           0           0
         119           0         138
         120         100         698
         121          23         141
         122           0           0
         123           0           0
         124           0           0
         125          27         146
         126           0           0
         127           0           0
         128         108         208
         129           0           0
         130           0           0
         131         110         210
         132           0           0
         133           0           0
         134         113         137
         135          36         155
         136           0           0
         137         134         213
         138         119         238
         139           0           0
         140          39         160
         141         121         142
         142         141         144
         143           0           0
         144         142         261
         145           0           0
         146         125         147
         147         146         165
         148           0           0
         149          33         150
         150         149         151
         151         150         152
         152         151         153
         153         152         749
         154           0           0
         155         135         157
         156           0           0
         157         155         253
         158           0           0
         159           0           0
         160         140         178
         161           0           0
         162          64         163
         163         162         181
         164           0           0
         165         147         729
         166           0           0
         167           0           0
         168          68         187
         169           0           0
         170          71         171
         171         170         172
         172         171         191
         173           0           0
         174          94         175
         175         174         176
         176         175         195
         177           0           0
         178         160         279
         179          79         197
         180           0           0
         181         163         182
         182         181         184
         183           0           0
         184         182         774
         185           0           0
         186           0           0
         187         168         728
         188           0           0
         189           0           0
         190           0           0
         191         172         211
         192           0           0
         193           0           0
         194           0           0
         195         176         196
         196         195         333
         197         179         200
         198           0           0
         199           0           0
         200         197         766
         201           0           0
         202         103         203
         203         202         221
         204           0           0
         205           0           0
         206           0           0
         207           0           0
         208         128         224
         209           0           0
         210         131         212
         211         191         290
         212         210         229
         213         137         214
         214         213         215
         215         214         216
         216         215         234
         217           0           0
         218           0           0
         219           0           0
         220           0           0
         221         203         222
         222         221         223
         223         222         740
         224         208         225
         225         224         791
         226           0           0
         227           0           0
         228           0           0
         229         212         230
         230         229         232
         231           0           0
         232         230         233
         233         232         762
         234         216         775
         235           0           0
         236           0           0
         237           0           0
         238         138         240
         239           0           0
         240         238         339
         241           0         263
         242           0           0
         243           0           0
         244           0           0
         245           0         246
         246         245         248
         247           0           0
         248         246         266
         249           0           0
         250           0         251
         251         250         270
         252           0           0
         253         157         276
         254           0           0
         255           0         355
         256           0         273
         257           0           0
         258           0         260
         259           0           0
         260         258         280
         261         144         737
         262           0           0
         263         241         361
         264           0           0
         265           0           0
         266         248         267
         267         266         368
         268           0           0
         269           0           0
         270         251         370
         271           0           0
         272           0           0
         273         256         274
         274         273         275
         275         274         294
         276         253         746
         277           0           0
         278           0           0
         279         178         723
         280         260         300
         281           0         282
         282         281         301
         283           0           0
         284           0         286
         285           0           0
         286         284         325
         287           0           0
         288           0           0
         289           0           0
         290         211         830
         291           0           0
         292           0         411
         293           0         314
         294         275         373
         295           0           0
         296           0           0
         297           0         298
         298         297         319
         299           0           0
         300         280         378
         301         282         302
         302         301         404
         303           0           0
         304           0           0
         305           0           0
         306           0           0
         307           0           0
         308           0           0
         309           0           0
         310           0           0
         311           0           0
         312           0           0
         313           0           0
         314         293         316
         315           0           0
         316         314         317
         317         316         413
         318           0           0
         319         298         320
         320         319         438
         321           0         322
         322         321         342
         323           0           0
         324           0           0
         325         286         328
         326           0           0
         327           0         445
         328         325         425
         329           0           0
         330           0           0
         331           0           0
         332           0           0
         333         196         334
         334         333         336
         335           0           0
         336         334         875
         337           0           0
         338           0           0
         339         240         340
         340         339         359
         341           0           0
         342         322         343
         343         342         344
         344         343         363
         345           0           0
         346           0           0
         347           0           0
         348           0           0
         349           0           0
         350           0         351
         351         350         353
         352           0           0
         353         351         450
         354           0           0
         355         255         356
         356         355         454
         357           0           0
         358           0           0
         359         340         854
         360           0           0
         361         263         364
         362           0           0
         363         344         441
         364         361         382
         365           0           0
         366           0           0
         367           0           0
         368         267         387
         369           0           0
         370         270         371
         371         370         372
         372         371         389
         373         294         374
         374         373         375
         375         374         393
         376           0           0
         377           0           0
         378         300         400
         379           0           0
         380           0           0
         381           0           0
         382         364         383
         383         382         384
         384         383         401
         385           0           0
         386           0           0
         387         368         505
         388           0           0
         389         372         391
         390           0           0
         391         389         392
         392         391         409
         393         375         396
         394           0           0
         395           0           0
         396         393         397
         397         396         733
         398           0           0
         399           0           0
         400         378         419
         401         384         402
         402         401         484
         403           0           0
         404         302         421
         405           0           0
         406           0           0
         407           0           0
         408           0           0
         409         392         410
         410         409         491
         411         292         429
         412           0           0
         413         317         414
         414         413         435
         415           0           0
         416           0           0
         417           0           0
         418           0           0
         419         400         770
         420           0           0
         421         404         423
         422           0           0
         423         421         424
         424         423         543
         425         328         426
         426         425         427
         427         426         526
         428           0           0
         429         411         430
         430         429         432
         431           0           0
         432         430         551
         433           0           0
         434           0           0
         435         414         437
         436           0           0
         437         435         533
         438         320         439
         439         438         440
         440         439         459
         441         363         442
         442         441         444
         443           0           0
         444         442         461
         445         327         446
         446         445         448
         447           0           0
         448         446         465
         449           0           0
         450         353         451
         451         450         452
         452         451         453
         453         452         469
         454         356         455
         455         454         456
         456         455         473
         457           0           0
         458           0         460
         459         440         560
         460         458         478
         461         444         462
         462         461         464
         463           0           0
         464         462         780
         465         448         466
         466         465         467
         467         466         739
         468           0           0
         469         453         470
         470         469         744
         471           0           0
         472           0           0
         473         456         474
         474         473         475
         475         474         476
         476         475         958
         477           0           0
         478         460         480
         479           0           0
         480         478         578
         481           0           0
         482           0           0
         483           0         561
         484         402         747
         485           0           0
         486           0         487
         487         486         506
         488           0           0
         489           0           0
         490         112         570
         491         410         509
         492          32         610
         493           0           0
         494           0           0
         495           0           0
         496         116         575
         497           0         520
         498           0           0
         499           0           0
         500           0           0
         501           0         503
         502           0           0
         503         501         602
         504           0           0
         505         387         750
         506         487         507
         507         506         508
         508         507         605
         509         491         529
         510           0           0
         511           0           0
         512           0           0
         513           0           0
         514           0           0
         515           0         516
         516         515         517
         517         516         534
         518           0           0
         519           0           0
         520         497         618
         521          61         522
         522         521         523
         523         522         541
         524           0           0
         525           0           0
         526         427         545
         527           0           0
         528           0           0
         529         509         743
         530           0           0
         531          91         549
         532           0           0
         533         437         801
         534         517         613
         535           0           0
         536          75         556
         537           0           0
         538           0           0
         539           0         540
         540         539         557
         541         523         641
         542           0           0
         543         424         799
         544           0           0
         545         526         769
         546           0         547
         547         546         645
         548           0           0
         549         531         550
         550         549         650
         551         432         552
         552         551         776
         553           0           0
         554           0           0
         555           0           0
         556         536         654
         557         540         558
         558         557         580
         559           0           0
         560         459         722
         561         483         562
         562         561         564
         563           0           0
         564         562         583
         565           0           0
         566           0         567
         567         566         568
         568         567         585
         569           0           0
         570         490         572
         571           0           0
         572         570         589
         573           0           0
         574           0           0
         575         496         593
         576           0           0
         577           0           0
         578         480         600
         579           0           0
         580         558         657
         581           0           0
         582           0           0
         583         564         584
         584         583         604
         585         568         687
         586           0           0
         587           0           0
         588           0           0
         589         572         590
         590         589         591
         591         590         592
         592         591         689
         593         575         595
         594           0           0
         595         593         597
         596           0           0
         597         595         615
         598           0           0
         599           0           0
         600         578         777
         601           0           0
         602         503         603
         603         602         624
         604         584         682
         605         508         608
         606           0           0
         607           0           0
         608         605         625
         609           0           0
         610         492         630
         611           0           0
         612           0           0
         613         534         614
         614         613         616
         615         597         694
         616         614         617
         617         616         636
         618         520         619
         619         618         640
         620           0           0
         621           0           0
         622           0           0
         623           0           0
         624         603         833
         625         608         721
         626           0           0
         627           0           0
         628           0           0
         629           0           0
         630         610         877
         631           0           0
         632           0           0
         633           0           0
         634           0           0
         635           0           0
         636         617         758
         637           0           0
         638           0           0
         639           0           0
         640         619         660
         641         541         643
         642           0           0
         643         641         644
         644         643         661
         645         547         646
         646         645         647
         647         646         665
         648           0           0
         649           0           0
         650         550         652
         651           0           0
         652         650         653
         653         652         670
         654         556         655
         655         654         674
         656           0           0
         657         580         658
         658         657         678
         659           0           0
         660         640         917
         661         644         928
         662           0           0
         663           0           0
         664           0           0
         665         647         666
         666         665         668
         667           0           0
         668         666         685
         669           0           0
         670         653         671
         671         670         673
         672           0           0
         673         671         916
         674         655         751
         675           0           0
         676           0           0
         677           0           0
         678         658         680
         679           0           0
         680         678         752
         681           0           0
         682         604         703
         683           0           0
         684           0           0
         685         668         810
         686           0           0
         687         585        1075
         688           0           0
         689         592         691
         690           0           0
         691         689         710
         692           0           0
         693           0           0
         694         615         697
         695           0           0
         696           0           0
         697         694         714
         698         120         699
         699         698         718
         700           0           0
         701           0           0
         702           0           0
         703         682        1053
         704           0           0
         705           0           0
         706           0           0
         707           0           0
         708           0           0
         709           0           0
         710         691         761
         711           0           0
         712           0           0
         713           0           0
         714         697         715
         715         714         717
         716           0           0
         717         715         732
         718         699         719
         719         718         720
         720         719         759
         721         625         862
         722         560         753
         723         279         754
         724           0        1092
         725           0           0
         726           0           0
         727           0           0
         728         187        1001
         729         165         796
         730           0           0
         731           0           0
         732         717         763
         733         397         756
         734           0           0
         735           0           0
         736           0           0
         737         261         764
         738           0           0
         739         467         789
         740         223         907
         741           0           0
         742           0           0
         743         529         841
         744         470         767
         745           0           0
         746         276         807
         747         484         828
         748           0           0
         749         153         802
         750         505         781
         751         674         811
         752         680         934
         753         722         815
         754         723         993
         755           0           0
         756         733         839
         757           0           0
         758         636         809
         759         720         894
         760           0           0
         761         710         779
         762         233         827
         763         732        1022
         764         737         788
         765           0           0
         766         200         831
         767         744         965
         768           0           0
         769         545         798
         770         419         825
         771           0           0
         772           0           0
         773           0           0
         774         184         784
         775         234         895
         776         552         920
         777         600         870
         778           0           0
         779         761         814
         780         464         823
         781         750         805
         782           0           0
         783           0           0
         784         774         864
         785           0           0
         786           0           0
         787           0           0
         788         764         795
         789         739         806
         790           0           0
         791         225         832
         792           0           0
         793           0           0
         794           0           0
         795         788        1113
         796         729         820
         797           0           0
         798         769        1149
         799         543         861
         800           0           0
         801         533        1013
         802         749         836
         803           0           0
         804           0           0
         805         781         840
         806         789         819
         807         746         845
         808           0           0
         809         758         973
         810         685         880
         811         751         821
         812           0           0
         813           0           0
         814         779         968
         815         753         857
         816           0           0
         817           0           0
         818           0           0
         819         806         855
         820         796         858
         821         811         866
         822           0           0
         823         780         873
         824           0           0
         825         770         996
         826           0           0
         827         762         882
         828         747         860
         829           0           0
         830         290         891
         831         766        1070
         832         791         848
         833         624         883
         834           0           0
         835           0           0
         836         802         872
         837           0           0
         838           0           0
         839         756         851
         840         805        1037
         841         743         978
         842           0           0
         843           0           0
         844           0           0
         845         807         995
         846           0           0
         847           0           0
         848         832         915
         849           0           0
         850           0           0
         851         839         960
         852           0           0
         853           0           0
         854         359        1170
         855         819         904
         856           0           0
         857         815         901
         858         820        1221
         859           0           0
         860         828         871
         861         799         869
         862         721         888
         863           0           0
         864         784         954
         865           0           0
         866         821         941
         867           0        1333
         868           0           0
         869         861         899
         870         777        1039
         871         860         922
         872         836         896
         873         823         898
         874           0           0
         875         336         923
         876           0           0
         877         630         885
         878           0           0
         879           0           0
         880         810         949
         881           0           0
         882         827         902
         883         833         911
         884           0           0
         885         877         890
         886           0           0
         887           0           0
         888         862         935
         889           0           0
         890         885        1004
         891         830         892
         892         891         932
         893           0           0
         894         759         945
         895         775        1048
         896         872         970
         897           0           0
         898         873         930
         899         869         987
         900           0           0
         901         857         943
         902         882         931
         903           0           0
         904         855        1020
         905           0           0
         906           0           0
         907         740         994
         908           0           0
         909           0           0
         910           0           0
         911         883         971
         912           0           0
         913           0           0
         914           0           0
         915         848         944
         916         673         986
         917         660        1059
         918           0           0
         919           0           0
         920         776         953
         921           0           0
         922         871         933
         923         875         950
         924           0           0
         925           0           0
         926           0           0
         927           0           0
         928         661        1000
         929           0           0
         930         898         936
         931         902        1060
         932         892        1111
         933         922         942
         934         752        1322
         935         888         966
         936         930        1102
         937           0           0
         938           0           0
         939           0           0
         940           0           0
         941         866        1034
         942         933           0
         943         901        1088
         944         915         961
         945         894         976
         946           0           0
         947           0           0
         948           0           0
         949         880        1094
         950         923         952
         951           0           0
         952         950         980
         953         920        1014
         954         864         975
         955           0           0
         956           0           0
         957           0           0
         958         476         990
         959           0           0
         960         851        1145
         961         944         981
         962           0           0
         963           0           0
         964           0           0
         965         767        1112
         966         935        1071
         967           0           0
         968         814        1084
         969           0           0
         970         896        1017
         971         911         999
         972           0           0
         973         809        1021
         974           0           0
         975         954        1006
         976         945        1042
         977           0           0
         978         841         983
         979           0           0
         980         952        1012
         981         961        1079
         982           0           0
         983         978        1063
         984           0           0
         985           0           0
         986         916        1120
         987         899        1083
         988           0           0
         989           0           0
         990         958        1040
         991           0           0
         992           0           0
         993         754        1161
         994         907        1107
         995         845        1276
         996         825        1284
         997           0           0
         998           0           0
         999         971        1047
        1000         928        1093
        1001         728        1002
        1002        1001        1018
        1003           0           0
        1004         890        1010
        1005           0           0
        1006         975        1054
        1007           0           0
        1008           0           0
        1009           0           0
        1010        1004        1090
        1011           0           0
        1012         980        1133
        1013         801        1045
        1014         953        1150
        1015           0           0
        1016           0           0
        1017         970        1076
        1018        1002        1062
        1019           0           0
        1020         904        1198
        1021         973        1144
        1022         763        1206
        1023           0           0
        1024           0           0
        1025           0           0
        1026           0           0
        1027           0           0
        1028           0           0
        1029           0           0
        1030           0           0
        1031           0           0
        1032           0           0
        1033           0           0
        1034         941        1036
        1035           0           0
        1036        1034        1121
        1037         840        1184
        1038           0           0
        1039         870        1041
        1040         990        1104
        1041        1039        1056
        1042         976        1141
        1043           0           0
        1044           0           0
        1045        1013        1146
        1046           0           0
        1047         999        1323
        1048         895        1129
        1049           0           0
        1050           0           0
        1051           0           0
        1052           0           0
        1053         703        1117
        1054        1006        1098
        1055           0           0
        1056        1041        1386
        1057           0           0
        1058           0           0
        1059         917        1195
        1060         931        1073
        1061           0           0
        1062        1018        1103
        1063         983        1064
        1064        1063        1116
        1065           0           0
        1066           0           0
        1067           0           0
        1068           0           0
        1069           0           0
        1070         831        1373
        1071         966        1223
        1072           0           0
        1073        1060        1081
        1074           0           0
        1075         687        1173
        1076        1017        1435
        1077           0           0
        1078           0           0
        1079         981        1152
        1080           0           0
        1081        1073        1229
        1082           0           0
        1083         987        1095
        1084         968        1225
        1085           0           0
        1086           0           0
        1087           0           0
        1088         943        1091
        1089           0           0
        1090        1010        1168
        1091        1088        1160
        1092         724           0
        1093        1000        1212
        1094         949        1143
        1095        1083        1246
        1096           0           0
        1097           0           0
        1098        1054        1178
        1099           0           0
        1100           0           0
        1101           0           0
        1102         936        1158
        1103        1062        1430
        1104        1040        1122
        1105           0           0
        1106           0           0
        1107         994        1236
        1108           0           0
        1109           0           0
        1110           0           0
        1111         932        1295
        1112         965        1139
        1113         795        1131
        1114           0           0
        1115           0           0
        1116        1064        1204
        1117        1053        1134
        1118           0           0
        1119           0           0
        1120         986        1130
        1121        1036        1176
        1122        1104        1194
        1123           0           0
        1124           0           0
        1125           0           0
        1126           0           0
        1127           0           0
        1128           0           0
        1129        1048        1165
        1130        1120        1228
        1131        1113        1155
        1132           0           0
        1133        1012        1241
        1134        1117        1164
        1135           0           0
        1136           0           0
        1137           0           0
        1138           0           0
        1139        1112        1162
        1140           0           0
        1141        1042        1338
        1142           0           0
        1143        1094        1147
        1144        1021        1157
        1145         960        1181
        1146        1045        1367
        1147        1143        1182
        1148           0           0
        1149         798        1179
        1150        1014        1243
        1151           0           0
        1152        1079        1196
        1153           0           0
        1154           0           0
        1155        1131        1185
        1156           0           0
        1157        1144        1159
        1158        1102        1200
        1159        1157        1172
        1160        1091        1175
        1161         993        1171
        1162        1139        1193
        1163           0           0
        1164        1134        1186
        1165        1129        1166
        1166        1165        1272
        1167           0           0
        1168        1090        1251
        1169           0           0
        1170         854           0
        1171        1161        1216
        1172        1159        1190
        1173        1075        1174
        1174        1173        1281
        1175        1160        1217
        1176        1121        1180
        1177           0           0
        1178        1098        1337
        1179        1149        1259
        1180        1176        1315
        1181        1145        1287
        1182        1147        1187
        1183           0           0
        1184        1037        1263
        1185        1155        1207
        1186        1164        1189
        1187        1182        1253
        1188           0           0
        1189        1186        1235
        1190        1172        1363
        1191           0           0
        1192           0           0
        1193        1162        1304
        1194        1122        1203
        1195        1059           0
        1196        1152        1226
        1197           0           0
        1198        1020        1266
        1199           0           0
        1200        1158        1249
        1201           0           0
        1202           0           0
        1203        1194        1210
        1204        1116        1320
        1205           0           0
        1206        1022        1300
        1207        1185        1240
        1208           0           0
        1209           0           0
        1210        1203        1211
        1211        1210        1237
        1212        1093        1335
        1213           0           0
        1214           0           0
        1215           0           0
        1216        1171        1242
        1217        1175        1336
        1218           0           0
        1219           0           0
        1220           0           0
        1221         858        1256
        1222           0           0
        1223        1071        1317
        1224           0           0
        1225        1084           0
        1226        1196        1298
        1227           0           0
        1228        1130        1361
        1229        1081        1271
        1230           0           0
        1231           0           0
        1232           0           0
        1233           0           0
        1234           0           0
        1235        1189           0
        1236        1107        1350
        1237        1211        1261
        1238           0           0
        1239           0           0
        1240        1207        1260
        1241        1133        1282
        1242        1216        1345
        1243        1150        1344
        1244           0           0
        1245           0           0
        1246        1095        1280
        1247           0           0
        1248           0           0
        1249        1200        1254
        1250           0           0
        1251        1168        1278
        1252           0           0
        1253        1187        1286
        1254        1249           0
        1255           0           0
        1256        1221        1267
        1257           0           0
        1258           0           0
        1259        1179        1269
        1260        1240        1270
        1261        1237        1292
        1262           0           0
        1263        1184           0
        1264           0           0
        1265           0           0
        1266        1198        1334
        1267        1256        1325
        1268           0           0
        1269        1259           0
        1270        1260           0
        1271        1229        1277
        1272        1166        1303
        1273           0           0
        1274           0           0
        1275           0           0
        1276         995        1290
        1277        1271           0
        1278        1251        1288
        1279           0           0
        1280        1246        1398
        1281        1174        1356
        1282        1241        1440
        1283           0           0
        1284         996        1311
        1285           0           0
        1286        1253        1309
        1287        1181        1328
        1288        1278           0
        1289           0           0
        1290        1276        1372
        1291           0           0
        1292        1261        1313
        1293           0           0
        1294           0           0
        1295        1111        1390
        1296           0           0
        1297           0           0
        1298        1226           0
        1299           0           0
        1300        1206        1305
        1301           0           0
        1302           0           0
        1303        1272        1339
        1304        1193        1312
        1305        1300        1310
        1306           0           0
        1307           0           0
        1308           0           0
        1309        1286           0
        1310        1305        1388
        1311        1284        1391
        1312        1304           0
        1313        1292        1324
        1314           0           0
        1315        1180        1381
        1316           0           0
        1317        1223        1370
        1318           0           0
        1319           0           0
        1320        1204        1374
        1321           0           0
        1322         934        1434
        1323        1047           0
        1324        1313        1375
        1325        1267           0
        1326           0           0
        1327           0           0
        1328        1287        1330
        1329           0           0
        1330        1328        1380
        1331           0           0
        1332           0           0
        1333         867           0
        1334        1266           0
        1335        1212        1378
        1336        1217        1393
        1337        1178        1385
        1338        1141        1365
        1339        1303        1366
        1340           0           0
        1341           0           0
        1342           0           0
        1343           0           0
        1344        1243        1411
        1345        1242           0
        1346           0           0
        1347           0           0
        1348           0           0
        1349           0           0
        1350        1236        1418
        1351           0           0
        1352           0           0
        1353           0           0
        1354           0           0
        1355           0           0
        1356        1281        1360
        1357           0           0
        1358           0           0
        1359           0           0
        1360        1356           0
        1361        1228        1364
        1362           0           0
        1363        1190        1377
        1364        1361        1439
        1365        1338        1414
        1366        1339           0
        1367        1146           0
        1368           0           0
        1369           0           0
        1370        1317        1407
        1371           0           0
        1372        1290        1402
        1373        1070           0
        1374        1320           0
        1375        1324        1438
        1376           0           0
        1377        1363        1394
        1378        1335        1400
        1379           0           0
        1380        1330           0
        1381        1315           0
        1382           0           0
        1383           0           0
        1384           0           0
        1385        1337           0
        1386        1056           0
        1387           0           0
        1388        1310           0
        1389           0           0
        1390        1295        1423
        1391        1311           0
        1392           0           0
        1393        1336        1419
        1394        1377           0
        1395           0           0
        1396           0           0
        1397           0           0
        1398        1280        1405
        1399           0           0
        1400        1378        1409
        1401           0           0
        1402        1372           0
        1403           0           0
        1404           0           0
        1405        1398           0
        1406           0           0
        1407        1370           0
        1408           0           0
        1409        1400           0
        1410           0           0
        1411        1344        1417
        1412           0           0
        1413           0           0
        1414        1365           0
        1415           0           0
        1416           0           0
        1417        1411           0
        1418        1350           0
        1419        1393           0
        1420           0           0
        1421           0           0
        1422           0           0
        1423        1390           0
        1424           0           0
        1425           0           0
        1426           0           0
        1427           0           0
        1428           0           0
        1429           0           0
        1430        1103           0
        1431           0           0
        1432           0           0
        1433           0           0
        1434        1322           0
        1435        1076           0
        1436           0           0
        1437           0           0
        1438        1375           0
        1439        1364           0
        1440        1282           0
